0.000000000000000000e+00 0.000000000000000000e+00
6.918811479403692566e-01 1.941092168063488221e-01
2.700128142935010800e+00 6.877324445125465591e-01
2.042860838075021057e+00 1.883229647820929831e-01
2.845159210298947361e+00 3.360517289956789222e-01
2.378683005792863625e+00 3.359049143342160981e-01
2.793525307869866303e+00 5.006173942420408807e-01
2.853620790471317559e+00 4.543382725966347291e-01
2.847257592922712632e+00 4.543038927243280845e-01
2.850423230629449023e+00 4.543089986088127419e-01
2.856485656244880378e+00 4.550487989992523241e-01
2.846799164011198258e+00 4.552019009352281098e-01
2.847845906099786717e+00 4.644540380445822403e-01
2.954596121761264627e+00 4.762356901146821420e-01
2.885365510353853580e+00 4.733874027837459142e-01
2.888540299172978720e+00 4.682862836160576747e-01
2.895220002744702370e+00 4.682991668536916063e-01
2.890462668999068008e+00 4.682784173955746865e-01
2.890730802373115971e+00 4.735288340382455274e-01
2.893240107141060502e+00 4.705208256945928591e-01
2.904190468500496447e+00 4.706389935754373699e-01
2.900944989641935479e+00 4.708491408899597719e-01
2.907338338908420639e+00 4.717796722594411740e-01
2.902627899007362178e+00 4.717138501383877913e-01
2.902732639476299337e+00 4.768063058213170002e-01
2.905048352229632425e+00 4.736802805389916937e-01
2.913683809494384214e+00 4.736839360727636561e-01
2.908281820508109572e+00 4.736587079680223966e-01
2.908471365522364849e+00 4.780946592904563031e-01
2.910580155068243080e+00 4.753545406420282560e-01
2.917272923467021162e+00 4.753705846708105032e-01
2.914052177193535709e+00 4.753711635307243943e-01
2.914214583373222034e+00 4.795583785244018071e-01
2.916197131968170098e+00 4.769081786171212034e-01
2.922452183709589590e+00 4.769205443233103248e-01
2.925480779703768963e+00 4.774965283814923689e-01
2.926221083800480294e+00 4.778771884677344151e-01
2.922278919057316404e+00 4.778772984921443312e-01
2.924132124369610786e+00 4.778782372183092431e-01
2.924045851237719873e+00 4.823942621289056265e-01
2.925969243729451108e+00 4.793159162503599635e-01
2.930386799974663337e+00 4.793171526091553614e-01
2.932964130137807768e+00 4.798350985010884640e-01
2.934318420663081017e+00 4.802410453682048885e-01
2.935368629346592595e+00 4.806042792569960032e-01
2.930901393229573326e+00 4.806041861508620894e-01
2.934282137390560763e+00 4.806224362657713911e-01
2.934057719493048388e+00 4.850725146366243190e-01
2.935843505329810643e+00 4.818699737857293774e-01
2.937486650182411285e+00 4.818804819547656271e-01
2.937396632691822163e+00 4.856403101144288192e-01
2.938994897670519357e+00 4.829480578103429456e-01
2.941389536638526980e+00 4.829516982500169919e-01
2.941259989874376757e+00 4.866397626494972095e-01
2.942795561281165373e+00 4.839458264783573216e-01
2.944646437718131171e+00 4.839475251752132778e-01
2.943332239762761926e+00 4.839469550734707415e-01
2.944459868176789730e+00 4.839556022353876941e-01
2.943508398765512624e+00 4.839551824054566520e-01
2.944400793952548945e+00 4.839630709622140259e-01
2.943481416246956694e+00 4.839617324973495283e-01
2.944454096096872142e+00 4.839698906585541138e-01
2.943488103633401742e+00 4.839688693868166580e-01
2.944487388233098191e+00 4.839771072774808336e-01
2.943376047752978675e+00 4.839759757438312771e-01
2.944574542570705056e+00 4.839847728262048898e-01
2.943445806541793441e+00 4.839842750920431702e-01
2.944584273329823976e+00 4.839929078175960742e-01
2.943551784525832993e+00 4.839924539335659359e-01
2.944571960035346159e+00 4.840007340009473968e-01
2.943504809821327228e+00 4.839996299246855371e-01
2.944630099479845775e+00 4.840082088762366896e-01
2.943524077153285123e+00 4.840074244148933613e-01
2.944657992994090367e+00 4.840160173555904666e-01
2.943568518615891971e+00 4.840152414288254601e-01
2.944674994882468422e+00 4.840237506424538982e-01
2.943444744058792306e+00 4.840228335764409917e-01
2.944750245791382781e+00 4.840317958703233558e-01
2.943539094275199552e+00 4.840312615309447786e-01
2.944758447450432914e+00 4.840400352257972494e-01
2.943697090502560787e+00 4.840395673729256387e-01
2.944730161412037361e+00 4.840478378258271097e-01
2.943618749872860541e+00 4.840465880337980198e-01
2.944797563594716561e+00 4.840552470028388621e-01
2.943800110538365100e+00 4.840545202862990282e-01
2.944748598593550426e+00 4.840625102392160373e-01
2.943703917189153696e+00 4.840605794109518190e-01
2.944827344160139138e+00 4.840690813356401390e-01
2.943651203514136672e+00 4.840678838284767083e-01
2.944878465072879870e+00 4.840766256423811309e-01
2.943828839322429669e+00 4.840758665447301157e-01
2.944841616480051272e+00 4.840840378973935709e-01
2.943994021467033928e+00 4.840827576964187307e-01
2.944772027346790999e+00 4.840901258878629876e-01
2.943900394533192522e+00 4.840878064445274798e-01
2.944862672518123947e+00 4.840958089629114336e-01
2.943851035916555947e+00 4.840936551417376887e-01
2.944917376339484250e+00 4.841019637943815845e-01
2.943828419225317461e+00 4.841004090881748101e-01
2.944958489667221624e+00 4.841088805243022875e-01
2.944098566420272789e+00 4.841079245838276202e-01
2.944838183001980525e+00 4.841151296134826865e-01
2.944117365431715427e+00 4.841151045532595121e-01
2.944865791290397272e+00 4.841223376944288059e-01
2.944145039230704697e+00 4.841223177027737523e-01
2.944886554370092391e+00 4.841295194838448057e-01
2.944142728064813586e+00 4.841294679959432523e-01
2.944930043289093913e+00 4.841368346841373738e-01
2.944063788333056486e+00 4.841345626628327237e-01
2.945009768286477314e+00 4.841424682621743303e-01
2.944285529646876398e+00 4.841401360739805981e-01
2.945127383357069029e+00 4.841495477376981937e-01
2.944120356349301026e+00 4.841487652207348003e-01
2.945050452300598476e+00 4.841566065839569832e-01
2.944341963298002351e+00 4.841543781339274211e-01
2.945158330414554548e+00 4.841636727122305972e-01
2.943965767660087884e+00 4.841623286864571440e-01
2.945180112106347892e+00 4.841709148436528776e-01
2.944118101793120168e+00 4.841696920631866075e-01
2.945156041643040901e+00 4.841778375002988577e-01
2.944226157581444347e+00 4.841755856864503049e-01
2.945127739623402352e+00 4.841833098035300265e-01
2.944156155277194653e+00 4.841803920662793304e-01
2.945189443976213184e+00 4.841885128489633039e-01
2.944304782670009057e+00 4.841861760580257190e-01
2.945134403971521486e+00 4.841936481393773195e-01
2.944242031589282771e+00 4.841912303951185215e-01
2.945199355099372251e+00 4.841991165067789926e-01
2.944485010741298314e+00 4.841968613023568402e-01
2.945295984238708087e+00 4.842060989327375831e-01
2.944300841498833865e+00 4.842046202502932606e-01
2.945234931587314975e+00 4.842124213870485638e-01
2.944242989200493987e+00 4.842093849782987403e-01
2.945287446897984385e+00 4.842175050486227650e-01
2.944522937846613342e+00 4.842149349107766065e-01
2.945132976207622821e+00 4.842215626129898198e-01
2.944506149623591806e+00 4.842215352421017638e-01
2.945187908534688148e+00 4.842284398398769008e-01
2.944465916643769443e+00 4.842284384338186864e-01
2.945258496179099961e+00 4.842357464380579457e-01
2.944375743294591175e+00 4.842355521057540302e-01
2.945350286573990228e+00 4.842434459226325205e-01
2.944638560741283939e+00 4.842412181696597040e-01
2.945432441152030290e+00 4.842503495637607291e-01
2.944365714219868924e+00 4.842480540170460146e-01
2.945414846369580175e+00 4.842561437700401150e-01
2.944661350764633756e+00 4.842536540446221172e-01
2.945505992702117215e+00 4.842629811461353073e-01
2.944484967257058106e+00 4.842614606437901092e-01
2.945422298200238931e+00 4.842692172042163401e-01
2.944451599913256334e+00 4.842663336239590444e-01
2.945462808371065666e+00 4.842743004973193433e-01
2.944738188740827933e+00 4.842719987613500754e-01
2.945539434291567726e+00 4.842811352523834212e-01
2.944485374478165607e+00 4.842786182793907268e-01
2.945505749680527252e+00 4.842865971604693454e-01
2.944779775587617721e+00 4.842842899106964416e-01
2.945578996983117648e+00 4.842934081457529460e-01
2.944759795080877485e+00 4.842934517368351344e-01
2.945413398257800353e+00 4.843002003725914162e-01
2.944667275982968846e+00 4.843002097889955726e-01
2.945517751902863690e+00 4.843076557205319155e-01
2.944561057236816826e+00 4.843073983867952625e-01
2.945607310637417431e+00 4.843154141312936978e-01
2.944876361202521498e+00 4.843130826033757441e-01
2.945673163699453312e+00 4.843221675272146864e-01
2.944856000287668252e+00 4.843192883224567424e-01
2.945490330119657330e+00 4.843259460964638996e-01
2.944844299681496302e+00 4.843259026697920300e-01
2.945539015604996980e+00 4.843327839753034936e-01
2.944829118427981562e+00 4.843327731967690952e-01
2.945589362393760791e+00 4.843398857036138594e-01
2.944633007400611735e+00 4.843398410529137221e-01
2.945725549520026743e+00 4.843479327553958380e-01
2.944981860748065117e+00 4.843455288569175066e-01
2.945785044747058823e+00 4.843546127249384048e-01
2.944967544669394588e+00 4.843517404512253099e-01
2.945594709496230479e+00 4.843583498635614659e-01
2.944927959328365041e+00 4.843582331547549580e-01
2.945663066288321641e+00 4.843652375059612769e-01
2.944734153870751214e+00 4.843652019735142367e-01
2.945801319555323872e+00 4.843732035847371220e-01
2.944770194609705349e+00 4.843699758711326742e-01
2.945809079417843090e+00 4.843779024542542722e-01
2.944970295248114933e+00 4.843778721652282071e-01
2.945743398002100388e+00 4.843849941041648011e-01
2.944972549901963887e+00 4.843849303042779830e-01
2.945780247702809440e+00 4.843921632063177274e-01
2.945010012120720333e+00 4.843921447907503230e-01
2.945795309605527379e+00 4.843992968310941727e-01
2.945073698905007031e+00 4.843992415829104781e-01
2.945791346478961792e+00 4.844061534592880025e-01
2.944967335041484446e+00 4.844060900303702732e-01
2.945891831066088873e+00 4.844136680319593435e-01
2.944895106526775219e+00 4.844136672200040072e-01
2.945957824874374964e+00 4.844216016003700109e-01
2.945040209323403602e+00 4.844214832530396864e-01
2.945930820616720958e+00 4.844289463842292864e-01
2.945077674304040105e+00 4.844289464384105570e-01
2.945948374515007018e+00 4.844363422565146626e-01
2.944968026495336844e+00 4.844363188624386529e-01
