0.000000000000000000e+00 0.000000000000000000e+00
6.918811479403692566e-01 1.941092168063488221e-01
2.215972023427929205e+00 5.687278066266420185e-01
2.889866865764285198e+00 6.295723381192279700e-01
2.397149737417843429e+00 3.082952270393770622e-01
2.916051492838449999e+00 4.285196414569943935e-01
2.774145928303727970e+00 4.277661338667206326e-01
2.796000574536187333e+00 4.295968852423107665e-01
2.765181866095300922e+00 4.301753073018351747e-01
2.790972894823503747e+00 4.303316050044385666e-01
2.777697252308347853e+00 4.301873480483563994e-01
2.783433644555520114e+00 4.302475449162802557e-01
2.777204036133495535e+00 4.303177474082988674e-01
2.782306239404568338e+00 4.303716955011354095e-01
2.791991257541074578e+00 4.309950338565171624e-01
2.782342342904111199e+00 4.309706372929300588e-01
2.804688993198183766e+00 4.333557339357982929e-01
2.791344134671336796e+00 4.328363025992366109e-01
2.785719772662730076e+00 4.328219530314513785e-01
2.789587776314603307e+00 4.328619229110364786e-01
2.791615424592882366e+00 4.332917849568654334e-01
2.789492676683619443e+00 4.334235220029306612e-01
2.789129324517287678e+00 4.334233427545491901e-01
2.789185056049418687e+00 4.334233513138509020e-01
2.789712533899185942e+00 4.334256251120610082e-01
2.825997862694205054e+00 4.376229008679834442e-01
2.789271011283718238e+00 4.369986846127922875e-01
2.801662765194739002e+00 4.370428963368382935e-01
2.829433183558214715e+00 4.405181143347237649e-01
2.804079967830415576e+00 4.399234912395611485e-01
2.814104462737798684e+00 4.402696004933931428e-01
2.806585590137202768e+00 4.401996403998245100e-01
2.809013616450839468e+00 4.401998071770402143e-01
2.806541486492267978e+00 4.402280269867788753e-01
2.809115995808157962e+00 4.402312085408376929e-01
2.806519960789957580e+00 4.402585071233515723e-01
2.809680795822790067e+00 4.402748870843927187e-01
2.808053423025242523e+00 4.402747038720231099e-01
2.808597566301007209e+00 4.402761172577319138e-01
2.808251349647462369e+00 4.402764531574424045e-01
2.808407296623978588e+00 4.402764584119580049e-01
2.809385484173708480e+00 4.402842512506243144e-01
2.807594251310784994e+00 4.402941697585776581e-01
2.809456225051958356e+00 4.403048555567144473e-01
2.807604734741713681e+00 4.403142910403871624e-01
2.812027980840222430e+00 4.404040504598279449e-01
2.830317566898634229e+00 4.432316713642979744e-01
2.808532908742925827e+00 4.430915792418024801e-01
2.824045809345147262e+00 4.431009886663079822e-01
2.813313315832126182e+00 4.427992498759397155e-01
2.815737922827757700e+00 4.427997935792773454e-01
2.815376403933814053e+00 4.427998094295242382e-01
2.816284122907027232e+00 4.428064578946234175e-01
2.815121121628665790e+00 4.428055760550964615e-01
2.817810062862571741e+00 4.428715227381216923e-01
2.816005893820217931e+00 4.428629184104625471e-01
2.820875829316031869e+00 4.430662489580671215e-01
2.831194442086682805e+00 4.452990808726025040e-01
2.822652637082214255e+00 4.450801094340908759e-01
2.829051158903785446e+00 4.454160352449237914e-01
2.820159552348977083e+00 4.452395257166727460e-01
2.828071261730845443e+00 4.454277792647281520e-01
2.834455020714231832e+00 4.473976050438693286e-01
2.827616854189400453e+00 4.473727792163503802e-01
2.848628203029234474e+00 4.495300510677449068e-01
2.830909765714187731e+00 4.492447865539883622e-01
2.838457994547329388e+00 4.494119786388014459e-01
2.833869613492093098e+00 4.493820501511617826e-01
2.866491622076996482e+00 4.530779504141686509e-01
2.844337981240971036e+00 4.520387709843702306e-01
2.849168698545542000e+00 4.523716360065128117e-01
2.839084859733956190e+00 4.523701470010924042e-01
2.845821449799607716e+00 4.523856675990535203e-01
2.841616745439588865e+00 4.523840012256173937e-01
2.843913715643825668e+00 4.523946445648372450e-01
2.869000888754515532e+00 4.555003187803292608e-01
2.842661831499415648e+00 4.551307057455225014e-01
2.857559251896714336e+00 4.551897444030279516e-01
2.848215855517373996e+00 4.551253352009324571e-01
2.852382496730392347e+00 4.551253406466679863e-01
2.851424564481926716e+00 4.551270303618261126e-01
2.855895344356413013e+00 4.552658131661042051e-01
2.849143355159068136e+00 4.552633404879284362e-01
2.854278809725522947e+00 4.552638883412163384e-01
2.873939626780860124e+00 4.578481435478892192e-01
2.857872590499888954e+00 4.575759355909459480e-01
2.859753860200274111e+00 4.575764645332356939e-01
2.862555325821264152e+00 4.576731956197805373e-01
2.874978499291468204e+00 4.597189829289816121e-01
2.865404864283361608e+00 4.597175256834117318e-01
2.865936623697976415e+00 4.597176882419281019e-01
2.868550528961093971e+00 4.598205951225413646e-01
2.864849585869313042e+00 4.598199115949331284e-01
2.866865152781301163e+00 4.598261334201712014e-01
2.867444102274750772e+00 4.598996476211147377e-01
2.872769444335356415e+00 4.602103732755524756e-01
2.867115681775525893e+00 4.602057230096288087e-01
2.867262645214109895e+00 4.602057667441716848e-01
2.867208209898898463e+00 4.602057666629030264e-01
2.867266462529957316e+00 4.602058121844770366e-01
2.867200644659001707e+00 4.602058078155789045e-01
2.867249280310074422e+00 4.602058348800122656e-01
2.867211039187608002e+00 4.602058344480522978e-01
2.867270197086700723e+00 4.602058805741861547e-01
2.867216089198711071e+00 4.602058796418502240e-01
2.867275723949601396e+00 4.602059263513000320e-01
2.867205047023648756e+00 4.602059221854424287e-01
2.867222983901870137e+00 4.602059227745145531e-01
2.867278158083426565e+00 4.602059682857750356e-01
2.867186949801981743e+00 4.602060188512304140e-01
2.867255036165849535e+00 4.602060606428601264e-01
2.867214588166051126e+00 4.602060619912539119e-01
2.867273722600123698e+00 4.602061084691756454e-01
2.867180734957133215e+00 4.602061086448193672e-01
2.867297189349407027e+00 4.602061833637850485e-01
2.867143618127958149e+00 4.602062125225353517e-01
2.867346016663418151e+00 4.602063936986253156e-01
2.867851841993158679e+00 4.602507812651258634e-01
2.867243160910190714e+00 4.602501808205104461e-01
2.867460520961429005e+00 4.602502634026456874e-01
2.867346056500536644e+00 4.602502648767667903e-01
2.867437340816186619e+00 4.602503372405331028e-01
2.867348791494702898e+00 4.602503370998777266e-01
2.867442548782611844e+00 4.602504105764460007e-01
2.867347071550524706e+00 4.602504093311744482e-01
2.867438661016258550e+00 4.602504818688096244e-01
2.867348806875160250e+00 4.602504814179270154e-01
2.867441713880068299e+00 4.602505545686416677e-01
2.867347898286684682e+00 4.602505534571136314e-01
2.867439592181473262e+00 4.602506260752051159e-01
2.867349013095804366e+00 4.602506254418629039e-01
2.867441419301715477e+00 4.602506983989027023e-01
2.867348579528322006e+00 4.602506973709566407e-01
2.867440229664793172e+00 4.602507700013941383e-01
2.867349349374492817e+00 4.602507692670417816e-01
2.867441378582847644e+00 4.602508420854546922e-01
2.867349181223463717e+00 4.602508411063309102e-01
2.867440708749567690e+00 4.602509137130761929e-01
2.867349752569673171e+00 4.602509129184543246e-01
2.867441469386657449e+00 4.602509856271481681e-01
2.867349738382674929e+00 4.602509846756790424e-01
2.867441100268225629e+00 4.602510572391096955e-01
2.867350192243751650e+00 4.602510564064289933e-01
2.867441632286304998e+00 4.602511290213923134e-01
2.867350270134092050e+00 4.602511280851990794e-01
2.867441442503310345e+00 4.602512005944276452e-01
2.867350652646131870e+00 4.602511997366254271e-01
2.867441836431644742e+00 4.602512722670800693e-01
2.867350787130539480e+00 4.602512713390907728e-01
2.867441756593614333e+00 4.602513437879998670e-01
2.867351125246667465e+00 4.602513429130689615e-01
2.867442065096562853e+00 4.602514153645512196e-01
2.867351295416899148e+00 4.602514144408462737e-01
2.867442054444973465e+00 4.602514868259818814e-01
2.867351605264594205e+00 4.602514859391534374e-01
2.867442308903100479e+00 4.602515583151277068e-01
2.867351798490790582e+00 4.602515573936631355e-01
2.867442342895854424e+00 4.602516297130892498e-01
2.867352089942953430e+00 4.602516288179941961e-01
2.867442562439471487e+00 4.602517011207269415e-01
2.867352298416766310e+00 4.602517002005854230e-01
2.867442625950364032e+00 4.602517724532480536e-01
2.867352577651319123e+00 4.602517715525604736e-01
2.867442822499116417e+00 4.602518437836063403e-01
2.867352796438131346e+00 4.602518428645552273e-01
2.867442905996355318e+00 4.602519150499215783e-01
2.867353067403099587e+00 4.602519141457269702e-01
2.867443087133637825e+00 4.602519863062063954e-01
2.867353293318601004e+00 4.602519853884342038e-01
2.867443184482035168e+00 4.602520575062838404e-01
2.867353558588490170e+00 4.602520566002957780e-01
2.867443355129481120e+00 4.602521286910568610e-01
2.867353789536504660e+00 4.602521277750141748e-01
2.867443462298824297e+00 4.602521998253159552e-01
2.867354050823073042e+00 4.602521989190064833e-01
2.867443625711734612e+00 4.602522709407215196e-01
2.867354285397206937e+00 4.602522700270231248e-01
2.867443740002082464e+00 4.602523420098610374e-01
2.867354543860050065e+00 4.602523411045413293e-01
2.867443898372802558e+00 4.602524130577655970e-01
2.867354781099353378e+00 4.602524121471296970e-01
2.867444017940687040e+00 4.602524840626574520e-01
2.867355037538322104e+00 4.602524831595282695e-01
2.867444172771258515e+00 4.602525550447364444e-01
2.867355276774608441e+00 4.602525541379463014e-01
2.867444296334504816e+00 4.602526259863592428e-01
2.867355531751166531e+00 4.602526250865436319e-01
2.867444448670967372e+00 4.602526969041528804e-01
2.867355772511912093e+00 4.602526960020321689e-01
2.867444575321502320e+00 4.602527677835493991e-01
2.867356026427002380e+00 4.602527668881139511e-01
2.867444725903772529e+00 4.602528386384988068e-01
2.867356268372531325e+00 4.602528377418956262e-01
2.867444854986892278e+00 4.602529094567484602e-01
2.867356521517362200e+00 4.602529085667177444e-01
2.867445004346238502e+00 4.602529802502199896e-01
2.867356764399545455e+00 4.602529793599965391e-01
2.867445135381422539e+00 4.602530510084211213e-01
2.867357016989267482e+00 4.602530501247872330e-01
2.867445283904892950e+00 4.602531217417223375e-01
2.867357260623921711e+00 4.602531208587479772e-01
