0.000000000000000000e+00 0.000000000000000000e+00
6.918811457954936461e-01 1.941092160836972724e-01
2.650988059239145489e+00 5.964773319679513852e-01
2.650988059239145489e+00 5.964773319679513852e-01
2.650988059239145489e+00 5.964773319679513852e-01
2.650988059239145489e+00 5.964773319679513852e-01
2.650988059239145489e+00 5.964773319679513852e-01
2.522821377284467648e+00 3.818304099780633898e-01
3.011246617793503333e+00 4.887919826393942180e-01
2.984280395807350938e+00 4.956336403672438884e-01
3.000200510559984490e+00 5.000134624438296038e-01
3.000009069965063890e+00 5.000021918600481285e-01
