2.000000000000000000e+00 2.500000000000000000e+00
2.699102076815796725e+00 1.799401384543841242e+00
2.958937199713140842e+00 1.972624799808760709e+00
2.992756618376288813e+00 1.995171078917526097e+00
2.995900639809478072e+00 1.997267093206317012e+00
2.999363998019556110e+00 1.999575998679704147e+00
2.999896470793165459e+00 1.999930980528777047e+00
2.999983224729264375e+00 1.999988816486176102e+00
2.999997311329719807e+00 1.999998207553146612e+00
2.999999549157975842e+00 1.999999699438650635e+00
2.999999924446951738e+00 1.999999949631301233e+00
